
======================================================================
ACCURACY + CONFUSION METRICS PER t_to_end_min
======================================================================
 t_to_end_min  count    tp   fp    tn   fn  accuracy  accuracy_pct
          1.0  31564 15710  381 15442   31  0.986947     98.694715
          2.0  31564 14969 1077 14746  772  0.941421     94.142061
          3.0  31564 14389 1623 14200 1352  0.905747     90.574705
          4.0  31564 13915 2001 13822 1826  0.878754     87.875428
          5.0  31564 13400 2368 13455 2341  0.850811     85.081105
          6.0  31564 12915 2734 13089 2826  0.823850     82.384996
          7.0  31564 12543 3058 12765 3198  0.801800     80.179952
          8.0  31564 12029 3422 12401 3712  0.773983     77.398302
          9.0  31564 11433 3770 12053 4308  0.744076     74.407553
         10.0  31564 10853 4152 11671 4888  0.713598     71.359777
         11.0  31564 10281 4523 11300 5460  0.683722     68.372196
         12.0  31564  9709 4782 11041 6032  0.657395     65.739450
         13.0  31563  9027 4992 10830 6714  0.629123     62.912271
         14.0  31563  8638 5896  9926 7103  0.588157     58.815702
         15.0  31564  8922 8544  7279 6819  0.513275     51.327462
======================================================================

Baseline Accuracy (always predict 1): 0.4987
Model Test Accuracy (from preds):      0.7662