
======================================================================
ACCURACY + CONFUSION METRICS PER t_to_end_min
======================================================================
 t_to_end_min  count    tp   fp    tn   fn  accuracy  accuracy_pct
          1.0  31564 15570   64 15759  171  0.992555     99.255481
          2.0  31564 14856  924 14899  885  0.942688     94.268787
          3.0  31564 14307 1491 14332 1434  0.907331     90.733114
          4.0  31564 13851 1933 13890 1890  0.878881     87.888100
          5.0  31564 13381 2419 13404 2360  0.848593     84.859333
          6.0  31564 12975 2809 13014 2766  0.823375     82.337473
          7.0  31564 12691 3202 12621 3050  0.801926     80.192625
          8.0  31564 12240 3624 12199 3501  0.774268     77.426815
          9.0  31564 11748 4048 11775 3993  0.745248     74.524775
         10.0  31564 11252 4536 11287 4489  0.714073     71.407299
         11.0  31564 10819 5034 10789 4922  0.684577     68.457737
         12.0  31564 10393 5560 10263 5348  0.654416     65.441642
         13.0  31563 10092 6088  9734 5649  0.628141     62.814054
         14.0  31563 10183 7468  8354 5558  0.587302     58.730159
         15.0  31564  7803 7403  8420 7938  0.513972     51.397161
======================================================================

Baseline Accuracy (always predict 1): 0.4987
Model Test Accuracy (from preds):      0.7665